586	528
805	707
805	138
805	328
805	522
772	768
772	49
707	705
707	284
707	138
707	475
707	468
345	309
345	330
345	360
345	344
345	387
344	330
344	360
344	331
218	217
218	215
218	243
218	216
186	417
186	269
605	269
605	612
262	637
262	636
473	474
473	90
473	469
473	470
473	687
815	813
815	812
815	72
815	822
746	697
746	335
746	747
746	741
293	93
293	365
538	15
538	19
538	343
603	185
603	610
603	611
233	239
233	240
233	234
93	365
425	492
425	435
365	293
365	93
719	688
719	718
287	284
287	285
280	468
280	281
280	284
280	467
280	475
282	280
282	281
282	467
467	475
467	468
610	611
610	612
610	603
4	8
4	567
4	753
513	558
381	384
381	206
763	729
763	757
763	750
763	761
355	354
355	353
807	136
807	49
807	808
761	89
761	729
761	757
761	751
761	748
762	89
762	750
762	760
223	221
223	222
21	259
21	170
21	22
21	10
21	687
686	273
686	271
232	233
232	145
232	240
232	234
232	553
123	0
123	1
176	45
176	156
176	524
176	525
176	44
79	80
79	696
373	375
373	374
0	123
0	1
246	309
246	310
72	812
72	534
72	67
310	309
310	266
310	246
696	79
696	669
155	159
221	303
221	473
221	469
221	222
221	470
208	388
265	387
265	264
265	826
417	269
442	599
442	90
442	443
442	633
13	688
13	719
13	581
749	748
383	384
269	417
695	345
695	360
644	30
515	127
515	128
515	518
515	687
609	608
609	611
609	612
428	429
73	72
73	67
90	88
90	444
90	445
90	239
234	233
234	232
234	240
234	553
510	387
510	392
510	146
510	349
750	748
750	760
750	749
16	15
16	34
537	184
697	743
697	746
697	335
536	532
536	533
581	688
581	13
581	719
581	718
474	221
474	687
474	469
474	473
395	394
166	620
166	167
166	169
167	169
167	166
167	168
677	709
677	676
677	675
677	708
238	236
238	235
238	90
238	237
146	510
146	392
146	349
5	1
68	72
68	736
68	67
184	183
184	85
28	725
28	27
28	10
813	814
813	812
813	72
813	815
259	687
259	258
259	620
189	273
189	274
189	718
470	469
470	222
470	687
532	536
532	533
576	577
576	56
576	55
183	184
492	493
271	273
271	272
271	686
271	274
168	531
168	171
168	399
168	166
168	167
768	54
768	49
768	772
768	767
241	233
241	239
241	240
780	781
767	49
767	54
767	772
767	807
399	530
399	209
399	171
822	816
822	812
822	736
822	72
822	67
324	335
324	326
552	145
552	232
552	231
552	553
814	816
814	812
814	72
814	822
599	601
599	276
599	600
621	157
562	276
562	601
562	687
562	563
562	831
305	492
305	258
305	620
49	807
49	268
563	562
563	276
525	156
525	176
525	43
468	280
468	467
468	475
468	12
45	176
45	524
45	525
45	44
243	217
243	240
243	242
243	447
159	158
159	155
159	525
54	49
54	767
54	55
469	474
469	687
469	222
469	470
343	538
343	724
55	807
55	54
222	223
222	470
222	469
633	487
518	515
518	128
216	245
216	169
216	242
277	389
639	641
639	156
639	44
639	525
639	176
569	707
569	706
735	696
735	817
557	495
557	558
751	761
387	116
387	114
387	508
736	81
736	812
736	72
736	67
674	647
641	638
641	45
641	176
641	525
641	524
379	378
92	803
92	269
546	621
42	175
42	524
42	44
19	34
19	15
19	16
522	805
522	327
273	274
273	272
273	271
138	707
138	805
138	284
138	706
138	705
577	54
577	576
577	55
640	524
640	42
209	168
209	399
304	221
304	303
830	620
129	170
129	516
129	687
129	306
34	89
34	15
34	32
328	805
328	327
32	727
32	31
31	727
88	90
88	237
235	442
235	444
235	443
235	237
235	236
432	431
432	428
432	430
534	532
534	533
484	388
484	389
484	485
816	813
816	812
816	72
818	81
818	821
818	72
818	67
485	484
485	389
759	758
759	757
759	761
758	759
758	757
758	761
757	759
757	751
757	761
487	196
390	387
390	388
390	389
390	41
495	513
601	276
601	562
601	592
9	724
9	723
9	343
531	171
531	88
531	530
447	466
447	446
447	445
446	444
446	90
446	445
446	447
443	444
443	442
443	237
794	466
794	357
517	493
517	23
231	552
231	553
231	379
231	145
307	170
307	197
307	306
175	156
175	44
175	640
80	79
726	619
726	725
726	22
593	594
593	592
593	715
431	430
755	552
755	340
755	553
755	145
43	641
43	156
43	44
43	525
43	176
78	68
78	110
171	166
171	168
171	167
171	399
85	87
396	163
508	387
508	264
508	265
205	206
205	383
205	384
636	637
636	262
475	280
475	467
475	12
475	468
41	389
444	235
444	442
444	443
444	445
620	258
620	830
730	728
730	729
730	34
730	724
730	761
374	429
374	375
157	425
157	650
157	435
516	129
516	170
516	687
753	8
753	4
330	345
638	156
638	640
239	244
239	90
239	235
239	237
284	707
284	280
284	467
237	236
237	239
237	238
237	443
237	235
211	567
211	434
553	552
553	234
553	232
553	145
553	233
158	159
158	55
15	34
15	16
15	32
15	724
87	85
266	309
266	310
266	246
648	110
648	649
649	353
649	110
649	648
420	421
748	756
748	750
748	749
110	78
326	324
44	175
44	524
812	818
812	815
715	276
650	157
650	435
650	425
718	273
718	274
718	719
244	245
244	239
244	235
244	240
244	237
347	554
10	725
10	22
10	166
23	493
23	517
23	11
169	620
169	166
169	619
169	168
169	830
676	675
676	708
675	158
675	159
675	676
145	552
145	234
145	232
145	553
145	233
725	170
725	21
725	10
725	687
724	15
724	723
724	730
724	729
709	708
709	677
709	676
708	709
708	676
708	675
264	826
826	264
826	827
826	510
826	114
826	508
827	264
827	826
340	552
340	378
340	553
340	687
611	608
612	608
612	611
612	603
434	211
600	599
600	601
600	276
212	495
212	557
281	280
281	282
281	475
647	271
647	686
647	645
647	273
647	272
734	53
734	137
734	136
3	388
3	389
3	390
276	259
276	562
276	22
276	601
276	687
115	387
115	743
115	116
115	114
114	264
114	115
819	812
819	72
819	821
819	67
819	818
819	820
760	89
760	751
760	750
760	762
533	534
533	536
533	532
285	287
285	284
285	467
285	707
285	468
27	129
27	170
27	21
27	28
27	10
268	53
268	621
268	807
268	808
268	420
817	813
817	735
817	68
309	388
309	246
311	309
311	310
311	266
311	246
30	644
528	583
349	387
349	510
384	383
384	206
608	609
608	611
608	612
530	171
530	466
530	166
530	531
530	209
530	167
742	743
742	335
742	741
742	746
723	492
723	724
723	15
723	730
89	32
89	728
89	760
637	538
637	636
637	343
554	537
554	347
185	607
185	612
185	603
429	428
429	430
11	511
11	23
11	0
11	517
11	461
394	395
394	273
394	274
394	272
127	726
127	21
127	128
127	687
127	830
128	127
128	515
128	518
128	687
511	23
511	481
511	11
583	532
583	536
583	528
463	647
463	271
463	645
831	562
831	601
831	276
831	687
493	481
493	492
493	517
67	72
67	532
706	705
706	569
706	284
706	138
756	748
756	749
729	728
729	727
729	730
53	421
53	137
53	49
197	196
197	493
197	16
136	137
136	807
136	734
136	268
215	218
215	217
215	466
524	43
524	640
524	156
524	42
567	211
567	688
240	244
240	239
240	242
240	443
240	237
770	767
299	725
299	726
299	620
299	830
476	719
476	688
476	13
466	357
466	358
466	447
466	446
466	794
823	822
558	492
558	557
558	461
71	577
808	136
808	807
808	734
808	268
196	487
196	197
217	216
217	243
217	242
217	218
481	493
481	23
481	11
206	383
206	205
206	384
743	697
743	742
743	335
743	746
743	326
520	617
274	718
274	394
274	647
274	273
274	272
275	273
275	274
8	753
8	346
8	12
303	221
303	469
303	304
303	305
392	388
392	389
392	41
392	510
543	607
543	603
705	277
705	284
705	285
705	706
705	468
645	647
645	273
645	274
645	272
358	357
358	466
358	15
604	185
604	612
604	605
604	603
687	299
687	22
687	553
687	276
781	780
820	818
820	819
388	387
388	389
388	508
236	241
236	235
236	238
236	443
236	237
56	576
56	55
56	54
821	72
821	818
821	819
747	746
747	742
747	741
445	444
445	443
741	743
741	742
741	277
741	747
741	746
156	175
156	524
156	641
331	330
331	345
331	360
306	129
306	170
306	562
306	493
306	687
306	307
1	123
1	5
1	0
1	11
594	592
594	593
592	276
592	593
357	466
357	446
22	620
22	21
360	330
360	345
360	695
360	331
792	538
792	19
792	637
792	792
354	355
354	353
354	110
353	354
81	696
81	821
81	577
81	79
688	719
688	581
688	718
688	567
335	327
335	326
335	324
728	31
728	89
728	727
116	387
116	827
116	115
116	114
727	32
727	31
727	728
327	707
327	328
327	520
435	425
435	650
607	612
607	604
607	603
461	517
461	23
461	242
461	481
461	11
242	757
242	241
242	444
242	240
242	445
346	753
170	259
170	474
170	127
170	27
170	687
375	373
375	374
619	620
619	169
619	830
137	53
137	136
137	734
245	241
245	243
245	240
245	242
258	259
258	620
258	619
258	461
258	830
378	552
378	553
378	145
378	755
163	396
389	387
389	388
389	808
389	114
430	431
430	429
